完整实验结果表格（前20个最佳配置）
================================================================================
   物理寄存器   IQ  ROB   CPU Cycles      ROB阻塞       IQ阻塞      寄存器阻塞
--------------------------------------------------------------------------------
     256  256  256   13,287,197          5          0  3,817,985
    1024  256  256   13,287,197          5          0  3,817,985
     256   64  256   13,290,671          5     48,498  3,820,771
    1024   64  256   13,290,671          5     48,498  3,820,771
     256   64   64   16,130,976  2,086,430          0     66,210
     256  256   64   16,130,976  2,086,430          0     66,210
    1024   64   64   16,130,976  2,086,430          0     66,210
    1024  256   64   16,130,976  2,086,430          0     66,210
      64   64  256   16,822,582          0          0 10,598,809
      64  256  256   16,822,582          0          0 10,598,809
      64   64   64   16,900,292  1,674,149          0  6,654,601
      64  256   64   16,900,292  1,674,149          0  6,654,601
     256   16  256   17,584,772          0  6,764,217          0
    1024   16  256   17,584,772          0  6,764,217          0
     256   16   64   17,963,225    503,505  5,915,209          0
    1024   16   64   17,963,225    503,505  5,915,209          0
      64   16   64   18,462,614    809,135  6,290,918  1,626,512
      64   16  256   18,462,614          0  6,477,721  1,695,546
      64   16   16   24,990,929  6,178,687          0          0
      64   64   16   24,990,929  6,178,687          0          0


IQ条目数对性能的影响（固定物理寄存器=256, ROB=64）
==================================================
   IQ条目数   CPU Cycles       性能提升
--------------------------------------------------
       4   33,987,307         基线
      16   17,963,225      1.89x
      64   16,130,976      2.11x
     256   16,130,976      2.11x


ROB条目数对性能的影响（固定物理寄存器=256, IQ=64）
==================================================
  ROB条目数   CPU Cycles       性能提升
--------------------------------------------------
       4   55,518,741         基线
      16   24,990,929      2.22x
      64   16,130,976      3.44x
     256   13,290,671      4.18x


物理寄存器数对性能的影响（固定IQ=64, ROB=256）
==================================================
    物理寄存器数   CPU Cycles       性能提升
--------------------------------------------------
        64   16,822,582         基线
       256   13,290,671      1.27x
      1024   13,290,671      1.27x


性能瓶颈分析
================================================================================
最差性能配置:
   物理寄存器   IQ  ROB   CPU Cycles            主要瓶颈
------------------------------------------------------------
      64    4    4   55,540,187           ROB阻塞
     256    4    4   55,540,187           ROB阻塞
    1024    4    4   55,540,187           ROB阻塞
      64   16    4   55,518,741           ROB阻塞
      64   64    4   55,518,741           ROB阻塞
